  -1.3732961e+00   1.3933395e+01   1.0000000e+00
  -8.8940414e-01   1.4784925e+01   1.0000000e+00
  -4.1219379e-01   1.4463964e+01   1.0000000e+00
  -1.1443862e+00   1.4682884e+01   1.0000000e+00
  -1.8552354e+00   1.5728993e+01   1.0000000e+00
  -5.5672705e-02   1.5766873e+01   1.0000000e+00
   1.3191775e-02   1.5363960e+01   1.0000000e+00
  -8.6756412e-01   1.5361582e+01   1.0000000e+00
  -1.5730472e+00   1.5713992e+01   1.0000000e+00
  -1.5452426e+00   1.5319067e+01   1.0000000e+00
  -3.9757163e-01   1.5159299e+01   1.0000000e+00
  -1.9572448e+00   1.4739766e+01   1.0000000e+00
  -2.0873315e+00   1.5480943e+01   1.0000000e+00
  -1.9358904e+00   1.4192524e+01   1.0000000e+00
  -4.5508028e-01   1.3965897e+01   1.0000000e+00
  -6.4451338e-01   1.5232510e+01   1.0000000e+00
  -1.2168402e+00   1.4364326e+01   1.0000000e+00
  -1.7209010e+00   1.5074916e+01   1.0000000e+00
  -3.2178502e-01   1.4392537e+01   1.0000000e+00
  -8.4653751e-01   1.4504906e+01   1.0000000e+00
  -6.9436670e-01   1.4996786e+01   1.0000000e+00
  -1.1933240e+00   1.6468861e+01   1.0000000e+00
  -1.5029704e+00   1.6115138e+01   1.0000000e+00
  -1.4276233e+00   1.4879638e+01   1.0000000e+00
  -9.4467536e-01   1.4130563e+01   1.0000000e+00
  -1.3433270e+00   1.4998668e+01   1.0000000e+00
  -5.7770677e-01   1.5496161e+01   1.0000000e+00
  -2.8785245e+00   1.5499024e+01   1.0000000e+00
  -1.1739690e+00   1.5344770e+01   1.0000000e+00
  -1.6534578e+00   1.6195811e+01   1.0000000e+00
  -1.0983179e+00   1.5745784e+01   1.0000000e+00
  -2.5797912e+00   1.4596721e+01   1.0000000e+00
  -8.1717091e-01   1.5032010e+01   1.0000000e+00
  -1.2366151e+00   1.4613149e+01   1.0000000e+00
  -1.4335248e+00   1.4128661e+01   1.0000000e+00
  -5.0062248e-01   1.4972031e+01   1.0000000e+00
  -1.9179726e-01   1.5755694e+01   1.0000000e+00
  -1.0787464e+00   1.5474837e+01   1.0000000e+00
  -1.1357402e+00   1.4239933e+01   1.0000000e+00
  -1.8553862e+00   1.5007755e+01   1.0000000e+00
  -1.2965062e+00   1.5151051e+01   1.0000000e+00
  -1.4838864e-01   1.5089920e+01   1.0000000e+00
  -9.6364126e-01   1.4852773e+01   1.0000000e+00
  -1.1066544e+00   1.5509809e+01   1.0000000e+00
  -1.4911063e+00   1.4679786e+01   1.0000000e+00
  -2.2138058e+00   1.4531115e+01   1.0000000e+00
  -1.6337990e+00   1.4821885e+01   1.0000000e+00
  -1.9701491e+00   1.5769087e+01   1.0000000e+00
  -1.1696959e+00   1.5760629e+01   1.0000000e+00
  -1.2820298e+00   1.4628932e+01   1.0000000e+00
  -1.3258094e+00   1.6147798e+01   1.0000000e+00
  -2.1287533e+00   1.4698513e+01   1.0000000e+00
  -2.2636336e+00   1.5400570e+01   1.0000000e+00
  -1.9098782e-01   1.4893652e+01   1.0000000e+00
  -4.3274097e-01   1.5016654e+01   1.0000000e+00
  -8.0176591e-01   1.5068564e+01   1.0000000e+00
  -1.9348509e+00   1.5808433e+01   1.0000000e+00
  -2.2418928e+00   1.5938684e+01   1.0000000e+00
  -9.9850098e-01   1.4123316e+01   1.0000000e+00
  -1.6678051e+00   1.5373475e+01   1.0000000e+00
  -1.3521751e+00   1.4395399e+01   1.0000000e+00
  -1.3452288e+00   1.4660046e+01   1.0000000e+00
  -1.4882593e+00   1.5149541e+01   1.0000000e+00
  -1.6593140e+00   1.5837881e+01   1.0000000e+00
  -2.4607314e+00   1.4865418e+01   1.0000000e+00
  -1.7245919e+00   1.5042307e+01   1.0000000e+00
  -1.5510602e+00   1.5733891e+01   1.0000000e+00
  -1.2126337e+00   1.4635769e+01   1.0000000e+00
  -8.5282217e-01   1.5079360e+01   1.0000000e+00
  -3.6914532e-02   1.5501957e+01   1.0000000e+00
  -8.1984827e-01   1.5365412e+01   1.0000000e+00
  -1.3024275e+00   1.5304207e+01   1.0000000e+00
  -1.4934889e+00   1.4623378e+01   1.0000000e+00
  -5.9098671e-01   1.5894640e+01   1.0000000e+00
  -9.4448349e-01   1.4827101e+01   1.0000000e+00
  -5.2483172e-02   1.4904696e+01   1.0000000e+00
  -1.3508508e+00   1.5626277e+01   1.0000000e+00
  -6.3387718e-01   1.5911845e+01   1.0000000e+00
  -1.2346540e+00   1.5728430e+01   1.0000000e+00
  -1.7966742e+00   1.5852771e+01   1.0000000e+00
  -1.3444519e+00   1.4030777e+01   1.0000000e+00
  -8.4372748e-01   1.6001644e+01   1.0000000e+00
  -6.2862373e-01   1.5582499e+01   1.0000000e+00
  -1.5035186e+00   1.3985227e+01   1.0000000e+00
  -6.6580184e-01   1.4812098e+01   1.0000000e+00
  -8.0769341e-01   1.4935916e+01   1.0000000e+00
  -2.0534284e+00   1.5639319e+01   1.0000000e+00
  -1.2981921e+00   1.4533698e+01   1.0000000e+00
  -3.3827063e-01   1.4580127e+01   1.0000000e+00
  -4.3897316e-01   1.4576031e+01   1.0000000e+00
  -2.1966867e+00   1.5489011e+01   1.0000000e+00
   4.8539456e-01   1.5430813e+01   1.0000000e+00
  -9.9042449e-01   1.4991066e+01   1.0000000e+00
  -8.6756693e-01   1.5137093e+01   1.0000000e+00
  -1.6365442e+00   1.4910599e+01   1.0000000e+00
  -1.8253755e+00   1.5389617e+01   1.0000000e+00
  -1.4917549e+00   1.5414275e+01   1.0000000e+00
  -1.5790569e+00   1.5613023e+01   1.0000000e+00
  -4.6149187e-01   1.5869325e+01   1.0000000e+00
   4.5573833e-01   1.6365801e+01   1.0000000e+00
  -1.2909063e+01   1.3407447e+01   2.0000000e+00
  -1.2609634e+01   1.4306852e+01   2.0000000e+00
  -1.3657033e+01   1.2630893e+01   2.0000000e+00
  -1.3266486e+01   1.4837317e+01   2.0000000e+00
  -1.3351616e+01   1.3440295e+01   2.0000000e+00
  -1.3636559e+01   1.3738636e+01   2.0000000e+00
  -1.2163288e+01   1.4131431e+01   2.0000000e+00
  -1.2567167e+01   1.3081634e+01   2.0000000e+00
  -1.2520829e+01   1.3019105e+01   2.0000000e+00
  -1.4253914e+01   1.3845429e+01   2.0000000e+00
  -1.2608820e+01   1.3035155e+01   2.0000000e+00
  -1.3454407e+01   1.2297650e+01   2.0000000e+00
  -1.3802549e+01   1.4204731e+01   2.0000000e+00
  -1.3070937e+01   1.3160306e+01   2.0000000e+00
  -1.2807237e+01   1.3937562e+01   2.0000000e+00
  -1.2941200e+01   1.3147647e+01   2.0000000e+00
  -1.3383750e+01   1.3830047e+01   2.0000000e+00
  -1.3427266e+01   1.3876961e+01   2.0000000e+00
  -1.2999355e+01   1.3533144e+01   2.0000000e+00
  -1.2482773e+01   1.3683342e+01   2.0000000e+00
  -1.2691306e+01   1.4621057e+01   2.0000000e+00
  -1.1846125e+01   1.3628634e+01   2.0000000e+00
  -1.2607047e+01   1.3005335e+01   2.0000000e+00
  -1.3462028e+01   1.3147162e+01   2.0000000e+00
  -1.2761549e+01   1.3687820e+01   2.0000000e+00
  -1.2150066e+01   1.3073121e+01   2.0000000e+00
  -1.3176289e+01   1.2536762e+01   2.0000000e+00
  -1.2793166e+01   1.3921360e+01   2.0000000e+00
  -1.2489071e+01   1.2102349e+01   2.0000000e+00
  -1.3630360e+01   1.2520881e+01   2.0000000e+00
  -1.2611062e+01   1.3349240e+01   2.0000000e+00
  -1.1900823e+01   1.2168762e+01   2.0000000e+00
  -1.3239327e+01   1.4056377e+01   2.0000000e+00
  -1.2928399e+01   1.3323207e+01   2.0000000e+00
  -1.2967545e+01   1.4853109e+01   2.0000000e+00
  -1.3110981e+01   1.3720496e+01   2.0000000e+00
  -1.3195133e+01   1.4358506e+01   2.0000000e+00
  -1.3179235e+01   1.2564994e+01   2.0000000e+00
  -1.2064771e+01   1.3069499e+01   2.0000000e+00
  -1.2944082e+01   1.2776503e+01   2.0000000e+00
  -1.3191976e+01   1.2510613e+01   2.0000000e+00
  -1.3285977e+01   1.3018804e+01   2.0000000e+00
  -1.2523142e+01   1.3263282e+01   2.0000000e+00
  -1.2683058e+01   1.3977077e+01   2.0000000e+00
  -1.3782515e+01   1.3314028e+01   2.0000000e+00
  -1.2154391e+01   1.2401080e+01   2.0000000e+00
  -1.2577539e+01   1.4714433e+01   2.0000000e+00
  -1.2241729e+01   1.3275468e+01   2.0000000e+00
  -1.3274444e+01   1.3482334e+01   2.0000000e+00
  -1.2720928e+01   1.2816667e+01   2.0000000e+00
  -1.1772179e+01   1.3888249e+01   2.0000000e+00
  -1.3012941e+01   1.3342501e+01   2.0000000e+00
  -1.4194209e+01   1.4472769e+01   2.0000000e+00
  -1.3597703e+01   1.4457932e+01   2.0000000e+00
  -1.4012116e+01   1.3767494e+01   2.0000000e+00
  -1.2943460e+01   1.3800551e+01   2.0000000e+00
  -1.3015850e+01   1.2816993e+01   2.0000000e+00
  -1.2535729e+01   1.4155583e+01   2.0000000e+00
  -1.1865344e+01   1.2844591e+01   2.0000000e+00
  -1.4109431e+01   1.3264291e+01   2.0000000e+00
  -1.1714770e+01   1.3718505e+01   2.0000000e+00
  -1.2927456e+01   1.3477059e+01   2.0000000e+00
  -1.3406573e+01   1.2824334e+01   2.0000000e+00
  -1.2484413e+01   1.3353790e+01   2.0000000e+00
  -1.1265605e+01   1.3775152e+01   2.0000000e+00
  -1.1833408e+01   1.4219404e+01   2.0000000e+00
  -1.3370486e+01   1.3565392e+01   2.0000000e+00
  -1.3186241e+01   1.4521372e+01   2.0000000e+00
  -1.3578826e+01   1.3458457e+01   2.0000000e+00
  -1.3668963e+01   1.2463501e+01   2.0000000e+00
  -1.3020881e+01   1.3769510e+01   2.0000000e+00
  -1.3118843e+01   1.3011925e+01   2.0000000e+00
  -1.1726327e+01   1.3907116e+01   2.0000000e+00
  -1.3663670e+01   1.3697728e+01   2.0000000e+00
  -1.3134469e+01   1.3233035e+01   2.0000000e+00
  -1.1913408e+01   1.1706651e+01   2.0000000e+00
  -1.2671629e+01   1.4671305e+01   2.0000000e+00
  -1.3453368e+01   1.3847879e+01   2.0000000e+00
  -1.3337512e+01   1.3933050e+01   2.0000000e+00
  -1.3998492e+01   1.2390805e+01   2.0000000e+00
  -1.3505546e+01   1.4072906e+01   2.0000000e+00
  -1.2163700e+01   1.2899763e+01   2.0000000e+00
  -1.3878141e+01   1.3818570e+01   2.0000000e+00
  -1.1944963e+01   1.2557905e+01   2.0000000e+00
  -1.3024777e+01   1.3768949e+01   2.0000000e+00
  -1.3083135e+01   1.3134645e+01   2.0000000e+00
  -1.2181211e+01   1.3705017e+01   2.0000000e+00
  -1.4080288e+01   1.2967727e+01   2.0000000e+00
  -1.1451474e+01   1.2911182e+01   2.0000000e+00
  -1.2249386e+01   1.3567328e+01   2.0000000e+00
  -1.2764891e+01   1.2751497e+01   2.0000000e+00
  -1.2291564e+01   1.2922143e+01   2.0000000e+00
  -1.1252232e+01   1.2809752e+01   2.0000000e+00
  -1.2837416e+01   1.2982507e+01   2.0000000e+00
  -1.2808218e+01   1.3664497e+01   2.0000000e+00
  -1.3870346e+01   1.3356889e+01   2.0000000e+00
  -1.2738850e+01   1.2718821e+01   2.0000000e+00
  -1.2215856e+01   1.3743566e+01   2.0000000e+00
  -1.2234270e+01   1.3741667e+01   2.0000000e+00
  -1.2996560e+01   1.2311372e+01   2.0000000e+00
  -1.5047956e+01   1.4131589e+00   3.0000000e+00
  -1.4265877e+01   1.0336563e+00   3.0000000e+00
  -1.4967468e+01   3.1888282e+00   3.0000000e+00
  -1.4796636e+01   1.3661326e+00   3.0000000e+00
  -1.6250178e+01   1.5068809e+00   3.0000000e+00
  -1.5118071e+01   1.3864795e+00   3.0000000e+00
  -1.5167308e+01   1.6833495e+00   3.0000000e+00
  -1.4003295e+01   9.3257800e-01   3.0000000e+00
  -1.4761445e+01   1.6696205e+00   3.0000000e+00
  -1.5640812e+01   2.7606943e+00   3.0000000e+00
  -1.3848976e+01   2.1701703e+00   3.0000000e+00
  -1.5043057e+01   9.3310084e-01   3.0000000e+00
  -1.4477066e+01   2.0980290e+00   3.0000000e+00
  -1.4814888e+01   7.2815158e-01   3.0000000e+00
  -1.3710360e+01   7.0281571e-01   3.0000000e+00
  -1.4598625e+01   1.4762069e+00   3.0000000e+00
  -1.6751611e+01   1.7502666e+00   3.0000000e+00
  -1.5476024e+01   2.3180980e+00   3.0000000e+00
  -1.4414911e+01   5.4374437e-01   3.0000000e+00
  -1.5149393e+01   1.7786727e+00   3.0000000e+00
  -1.4713664e+01   2.6281396e+00   3.0000000e+00
  -1.5511425e+01   1.6934298e+00   3.0000000e+00
  -1.4752772e+01   1.0731893e+00   3.0000000e+00
  -1.4089240e+01   7.3692785e-01   3.0000000e+00
  -1.4461545e+01   1.0817884e+00   3.0000000e+00
  -1.4519904e+01   1.0271727e+00   3.0000000e+00
  -1.4646353e+01   2.3996759e-01   3.0000000e+00
  -1.5851539e+01   1.2260666e+00   3.0000000e+00
  -1.4736526e+01   1.7655925e+00   3.0000000e+00
  -1.4879395e+01   1.0740992e+00   3.0000000e+00
  -1.5178699e+01   6.6282386e-01   3.0000000e+00
  -1.5703622e+01  -1.1635283e-01   3.0000000e+00
  -1.4730594e+01   1.7619308e+00   3.0000000e+00
  -1.4700895e+01   8.5782542e-01   3.0000000e+00
  -1.4637766e+01   1.9108220e+00   3.0000000e+00
  -1.4729830e+01   3.3292028e+00   3.0000000e+00
  -1.5461784e+01   1.5372931e+00   3.0000000e+00
  -1.5764295e+01   2.4974490e+00   3.0000000e+00
  -1.3729827e+01   6.1274708e-01   3.0000000e+00
  -1.4940708e+01   2.9898514e+00   3.0000000e+00
  -1.4728175e+01   1.7052609e+00   3.0000000e+00
  -1.4439066e+01   2.1252587e+00   3.0000000e+00
  -1.5595527e+01   1.8432814e+00   3.0000000e+00
  -1.5211475e+01   6.6837998e-01   3.0000000e+00
  -1.5646914e+01   1.6941835e+00   3.0000000e+00
  -1.5051935e+01   9.1108324e-01   3.0000000e+00
  -1.4485535e+01   1.1159117e+00   3.0000000e+00
  -1.4071766e+01   2.2562008e+00   3.0000000e+00
  -1.5090921e+01   2.2775216e+00   3.0000000e+00
  -1.4696745e+01   1.5579230e+00   3.0000000e+00
  -1.4563973e+01   1.4911255e+00   3.0000000e+00
  -1.5758524e+01   2.2484147e+00   3.0000000e+00
  -1.4609879e+01   1.2346586e+00   3.0000000e+00
  -1.4661264e+01   1.6936367e+00   3.0000000e+00
  -1.5886904e+01   2.1790058e-01   3.0000000e+00
  -1.4986638e+01   6.5946436e-03   3.0000000e+00
  -1.4716890e+01   6.9437736e-01   3.0000000e+00
  -1.4648038e+01   8.2213194e-01   3.0000000e+00
  -1.5674427e+01   2.5305159e+00   3.0000000e+00
  -1.4875314e+01   9.1454315e-01   3.0000000e+00
  -1.4734613e+01   1.4049903e+00   3.0000000e+00
  -1.5156984e+01   1.4502659e+00   3.0000000e+00
  -1.6358855e+01   5.6076640e-01   3.0000000e+00
  -1.5759798e+01   2.0066477e+00   3.0000000e+00
  -1.4917604e+01   1.8846348e+00   3.0000000e+00
  -1.5402083e+01   5.3151186e-01   3.0000000e+00
  -1.4591296e+01   2.4278429e+00   3.0000000e+00
  -1.4956844e+01   2.4438945e+00   3.0000000e+00
  -1.4727461e+01   2.4941986e+00   3.0000000e+00
  -1.5339679e+01   1.2474940e+00   3.0000000e+00
  -1.4540615e+01   2.4966680e+00   3.0000000e+00
  -1.4750541e+01   2.4124012e+00   3.0000000e+00
  -1.4890693e+01   4.8705893e-01   3.0000000e+00
  -1.5701674e+01   2.1273878e+00   3.0000000e+00
  -1.4339607e+01   1.6577594e+00   3.0000000e+00
  -1.5047802e+01   1.9952056e+00   3.0000000e+00
  -1.5358488e+01   1.6556432e+00   3.0000000e+00
  -1.5723317e+01   1.9209658e+00   3.0000000e+00
  -1.5879116e+01   1.9079825e+00   3.0000000e+00
  -1.3908781e+01   2.1522060e+00   3.0000000e+00
  -1.5272823e+01   1.1425369e+00   3.0000000e+00
  -1.5077846e+01   3.4021867e+00   3.0000000e+00
  -1.3600424e+01   1.8832733e+00   3.0000000e+00
  -1.4707580e+01   1.9273579e+00   3.0000000e+00
  -1.3495849e+01   1.9118748e+00   3.0000000e+00
  -1.5068307e+01   6.4777625e-01   3.0000000e+00
  -1.3759583e+01   1.6294461e+00   3.0000000e+00
  -1.4605896e+01   2.1916372e+00   3.0000000e+00
  -1.5903377e+01   2.2770179e+00   3.0000000e+00
  -1.4581536e+01   2.9257083e+00   3.0000000e+00
  -1.5246466e+01   1.1889442e+00   3.0000000e+00
  -1.3137952e+01   1.8802591e+00   3.0000000e+00
  -1.4512234e+01   2.1802440e+00   3.0000000e+00
  -1.5622387e+01   2.2458180e+00   3.0000000e+00
  -1.4111430e+01   9.4649480e-01   3.0000000e+00
  -1.4252018e+01   5.8260810e-01   3.0000000e+00
  -1.4627747e+01   2.0142584e+00   3.0000000e+00
  -1.6115527e+01   1.4983317e+00   3.0000000e+00
  -1.5656934e+01   2.0189067e+00   3.0000000e+00
  -1.4685992e+01   1.6688683e+00   3.0000000e+00
  -3.0653567e+00  -3.5868149e+00   4.0000000e+00
  -4.3261685e+00  -3.8750433e+00   4.0000000e+00
  -3.9396465e+00  -3.6529242e+00   4.0000000e+00
  -3.7628111e+00  -3.0075990e+00   4.0000000e+00
  -5.2632649e+00  -3.3940564e+00   4.0000000e+00
  -4.9870150e+00  -3.8034389e+00   4.0000000e+00
  -4.6137781e+00  -3.5646687e+00   4.0000000e+00
  -3.0176029e+00  -3.5798874e+00   4.0000000e+00
  -5.0822847e+00  -3.8866139e+00   4.0000000e+00
  -5.3441062e+00  -4.0731320e+00   4.0000000e+00
  -4.8099287e+00  -2.4484233e+00   4.0000000e+00
  -4.6149926e+00  -3.5279093e+00   4.0000000e+00
  -3.6718948e+00  -4.3235214e+00   4.0000000e+00
  -4.5905252e+00  -5.0115997e+00   4.0000000e+00
  -5.0617801e+00  -3.4451203e+00   4.0000000e+00
  -3.8829023e+00  -4.0257658e+00   4.0000000e+00
  -4.8659677e+00  -3.6607651e+00   4.0000000e+00
  -4.2418410e+00  -3.9034454e+00   4.0000000e+00
  -3.8032738e+00  -4.3679110e+00   4.0000000e+00
  -4.4793276e+00  -3.7137059e+00   4.0000000e+00
  -2.7364710e+00  -2.9593272e+00   4.0000000e+00
  -4.3481915e+00  -4.0599586e+00   4.0000000e+00
  -5.1044687e+00  -3.5626771e+00   4.0000000e+00
  -4.9414867e+00  -3.9081523e+00   4.0000000e+00
  -6.2955555e+00  -3.2770424e+00   4.0000000e+00
  -4.4107288e+00  -3.6741802e+00   4.0000000e+00
  -4.5206077e+00  -2.8670930e+00   4.0000000e+00
  -4.4332344e+00  -3.4185091e+00   4.0000000e+00
  -4.2374653e+00  -3.6338150e+00   4.0000000e+00
  -4.1296870e+00  -4.2261190e+00   4.0000000e+00
  -3.5857160e+00  -5.2770651e+00   4.0000000e+00
  -4.1437038e+00  -3.9789582e+00   4.0000000e+00
  -4.1067974e+00  -3.6909101e+00   4.0000000e+00
  -4.5917232e+00  -5.0295325e+00   4.0000000e+00
  -4.5911693e+00  -3.8851956e+00   4.0000000e+00
  -5.2779386e+00  -4.0046241e+00   4.0000000e+00
  -4.2909886e+00  -3.1675790e+00   4.0000000e+00
  -4.4132328e+00  -3.8372681e+00   4.0000000e+00
  -4.6529424e+00  -2.5105897e+00   4.0000000e+00
  -5.1832520e+00  -3.1249773e+00   4.0000000e+00
  -4.6957831e+00  -3.5612055e+00   4.0000000e+00
  -4.2593054e+00  -3.6710108e+00   4.0000000e+00
  -4.8277327e+00  -3.1424272e+00   4.0000000e+00
  -4.9354071e+00  -4.3770052e+00   4.0000000e+00
  -4.1195954e+00  -4.6272700e+00   4.0000000e+00
  -3.8154020e+00  -4.5937742e+00   4.0000000e+00
  -4.5262790e+00  -4.4188515e+00   4.0000000e+00
  -4.3284415e+00  -4.5855820e+00   4.0000000e+00
  -4.5000440e+00  -2.1645050e+00   4.0000000e+00
  -4.7398718e+00  -4.1845311e+00   4.0000000e+00
  -2.1780978e+00  -3.3476828e+00   4.0000000e+00
  -5.1350084e+00  -5.4591450e+00   4.0000000e+00
  -4.6055318e+00  -3.0331562e+00   4.0000000e+00
  -4.3286532e+00  -3.7833545e+00   4.0000000e+00
  -3.8924973e+00  -4.1153472e+00   4.0000000e+00
  -3.8239701e+00  -3.6347325e+00   4.0000000e+00
  -3.8622382e+00  -3.4722598e+00   4.0000000e+00
  -4.9713508e+00  -3.8338135e+00   4.0000000e+00
  -4.6843561e+00  -5.0791987e+00   4.0000000e+00
  -3.0506003e+00  -3.3460486e+00   4.0000000e+00
  -4.3882154e+00  -4.1701203e+00   4.0000000e+00
  -4.7387723e+00  -3.6467024e+00   4.0000000e+00
  -4.8320223e+00  -4.1778631e+00   4.0000000e+00
  -3.7689590e+00  -4.0194228e+00   4.0000000e+00
  -5.3985423e+00  -3.8178397e+00   4.0000000e+00
  -4.7100569e+00  -3.3536083e+00   4.0000000e+00
  -4.0479028e+00  -4.6048716e+00   4.0000000e+00
  -3.3837376e+00  -3.4163867e+00   4.0000000e+00
  -5.2560212e+00  -3.5784099e+00   4.0000000e+00
  -4.6360940e+00  -3.1235006e+00   4.0000000e+00
  -4.7954370e+00  -4.8616715e+00   4.0000000e+00
  -3.5364775e+00  -4.5054295e+00   4.0000000e+00
  -4.4574082e+00  -4.0900494e+00   4.0000000e+00
  -4.3335304e+00  -5.5278154e+00   4.0000000e+00
  -5.5253913e+00  -3.3982072e+00   4.0000000e+00
  -4.2105959e+00  -3.7626286e+00   4.0000000e+00
  -5.3919369e+00  -3.3443685e+00   4.0000000e+00
  -5.6848671e+00  -4.2567846e+00   4.0000000e+00
  -4.3057062e+00  -3.6628215e+00   4.0000000e+00
  -4.4449389e+00  -3.7051244e+00   4.0000000e+00
  -3.6507196e+00  -4.6588302e+00   4.0000000e+00
  -4.9950947e+00  -3.1570111e+00   4.0000000e+00
  -4.2297037e+00  -4.4507901e+00   4.0000000e+00
  -4.2991154e+00  -4.8189693e+00   4.0000000e+00
  -3.8052319e+00  -3.4080369e+00   4.0000000e+00
  -4.8097993e+00  -3.5566002e+00   4.0000000e+00
  -3.2767729e+00  -3.8609248e+00   4.0000000e+00
  -4.1066086e+00  -3.3295325e+00   4.0000000e+00
  -3.7396705e+00  -2.6788439e+00   4.0000000e+00
  -3.5980446e+00  -2.6055929e+00   4.0000000e+00
  -3.8527885e+00  -3.4782550e+00   4.0000000e+00
  -4.6305012e+00  -3.3228329e+00   4.0000000e+00
  -5.6551571e+00  -3.1944044e+00   4.0000000e+00
  -5.6005134e+00  -4.3239330e+00   4.0000000e+00
  -4.3955904e+00  -4.4496700e+00   4.0000000e+00
  -5.5905631e+00  -3.2590183e+00   4.0000000e+00
  -3.5003699e+00  -4.7007255e+00   4.0000000e+00
  -3.8118545e+00  -2.1835483e+00   4.0000000e+00
  -3.4334155e+00  -4.4648471e+00   4.0000000e+00
  -3.7449476e+00  -2.8661186e+00   4.0000000e+00
   4.0086586e+00   3.6325245e+00   5.0000000e+00
   3.7124402e+00   4.5590204e+00   5.0000000e+00
   5.1419553e+00   4.2277933e+00   5.0000000e+00
   3.4289093e+00   4.0884488e+00   5.0000000e+00
   2.9087817e+00   4.0234438e+00   5.0000000e+00
   3.5752346e+00   4.7811818e+00   5.0000000e+00
   4.5288380e+00   4.3216935e+00   5.0000000e+00
   5.1503409e+00   2.6266286e+00   5.0000000e+00
   2.9357496e+00   4.7228113e+00   5.0000000e+00
   4.6825906e+00   5.0514894e+00   5.0000000e+00
   5.0931440e+00   5.0850981e+00   5.0000000e+00
   3.4836362e+00   3.3836362e+00   5.0000000e+00
   4.0596542e+00   4.7889546e+00   5.0000000e+00
   3.9745926e+00   3.1542600e+00   5.0000000e+00
   4.1728977e+00   5.4762912e+00   5.0000000e+00
   2.5791045e+00   3.9863107e+00   5.0000000e+00
   4.9108169e+00   3.3018879e+00   5.0000000e+00
   4.4699368e+00   4.1619692e+00   5.0000000e+00
   4.2603746e+00   5.7533392e+00   5.0000000e+00
   4.6018520e+00   4.4287634e+00   5.0000000e+00
   4.3658360e+00   4.2766757e+00   5.0000000e+00
   4.0362349e+00   4.5822314e+00   5.0000000e+00
   3.7330652e+00   4.4879168e+00   5.0000000e+00
   4.7604974e+00   4.9570187e+00   5.0000000e+00
   3.7562149e+00   3.6375482e+00   5.0000000e+00
   3.7515455e+00   3.8544735e+00   5.0000000e+00
   3.5037801e+00   5.5417016e+00   5.0000000e+00
   4.1318571e+00   3.1653664e+00   5.0000000e+00
   2.8440297e+00   5.0654333e+00   5.0000000e+00
   4.2358834e+00   4.8878539e+00   5.0000000e+00
   5.1846677e+00   4.1851120e+00   5.0000000e+00
   3.9071983e+00   3.9245550e+00   5.0000000e+00
   3.2037283e+00   3.8624967e+00   5.0000000e+00
   4.3689495e+00   5.1523178e+00   5.0000000e+00
   3.7233544e+00   3.5435253e+00   5.0000000e+00
   4.5513551e+00   3.1394550e+00   5.0000000e+00
   3.6206398e+00   3.5744680e+00   5.0000000e+00
   3.5628870e+00   4.3555272e+00   5.0000000e+00
   5.2234982e+00   5.1092885e+00   5.0000000e+00
   3.7799741e+00   4.5281381e+00   5.0000000e+00
   3.0852570e+00   4.3834350e+00   5.0000000e+00
   4.1669177e+00   4.0266581e+00   5.0000000e+00
   3.8447761e+00   5.0084510e+00   5.0000000e+00
   3.1355050e+00   5.2932012e+00   5.0000000e+00
   5.3062049e+00   4.1059098e+00   5.0000000e+00
   4.2476178e+00   4.5102440e+00   5.0000000e+00
   3.9509318e+00   3.7788762e+00   5.0000000e+00
   3.7827003e+00   4.9702393e+00   5.0000000e+00
   4.5868283e+00   3.8954068e+00   5.0000000e+00
   4.1664064e+00   4.8869048e+00   5.0000000e+00
   4.9855099e+00   4.8635697e+00   5.0000000e+00
   2.7091624e+00   4.0810113e+00   5.0000000e+00
   3.6010015e+00   4.2294467e+00   5.0000000e+00
   3.7758449e+00   5.2113418e+00   5.0000000e+00
   4.1356095e+00   5.8261793e+00   5.0000000e+00
   4.3650842e+00   4.3622909e+00   5.0000000e+00
   4.6209848e+00   4.1255520e+00   5.0000000e+00
   3.7308614e+00   4.4327496e+00   5.0000000e+00
   3.1877870e+00   4.2339475e+00   5.0000000e+00
   3.4298768e+00   3.9812806e+00   5.0000000e+00
   3.7231196e+00   3.4438836e+00   5.0000000e+00
   3.7337562e+00   4.5289294e+00   5.0000000e+00
   5.1187512e+00   5.4598274e+00   5.0000000e+00
   3.9058019e+00   4.3911957e+00   5.0000000e+00
   4.8902077e+00   4.6992764e+00   5.0000000e+00
   3.3058069e+00   4.2690931e+00   5.0000000e+00
   3.8585213e+00   3.5832290e+00   5.0000000e+00
   3.9040086e+00   5.6050532e+00   5.0000000e+00
   4.6239940e+00   5.3409841e+00   5.0000000e+00
   4.1385765e+00   4.5378474e+00   5.0000000e+00
   4.8282845e+00   4.2944920e+00   5.0000000e+00
   4.2950948e+00   3.9959265e+00   5.0000000e+00
   2.7824157e+00   4.1485216e+00   5.0000000e+00
   4.2036100e+00   5.1958949e+00   5.0000000e+00
   4.1714467e+00   3.6443311e+00   5.0000000e+00
   4.6129561e+00   4.5329842e+00   5.0000000e+00
   3.6386465e+00   4.0901479e+00   5.0000000e+00
   3.2512307e+00   4.7146880e+00   5.0000000e+00
   4.5096228e+00   4.7279838e+00   5.0000000e+00
   4.5462423e+00   4.6001587e+00   5.0000000e+00
   4.1340979e+00   4.2853808e+00   5.0000000e+00
   5.1879102e+00   3.7746366e+00   5.0000000e+00
   4.4076740e+00   5.3656829e+00   5.0000000e+00
   4.6262672e+00   5.2047829e+00   5.0000000e+00
   4.0414316e+00   4.1415234e+00   5.0000000e+00
   4.0546484e+00   5.3030154e+00   5.0000000e+00
   4.5523114e+00   4.1657815e+00   5.0000000e+00
   2.6487252e+00   4.6199654e+00   5.0000000e+00
   5.3516202e+00   5.0424388e+00   5.0000000e+00
   5.2741443e+00   5.0448143e+00   5.0000000e+00
   3.0138957e+00   4.2258306e+00   5.0000000e+00
   4.2800420e+00   3.9674868e+00   5.0000000e+00
   4.1185973e+00   3.6661026e+00   5.0000000e+00
   4.3681427e+00   5.3914918e+00   5.0000000e+00
   3.3251288e+00   4.7688587e+00   5.0000000e+00
   4.4720076e+00   4.4907637e+00   5.0000000e+00
   3.9231013e+00   4.0082221e+00   5.0000000e+00
   3.9696800e+00   4.0452168e+00   5.0000000e+00
   4.3262625e+00   3.4773080e+00   5.0000000e+00
   2.8355779e+00   5.9450711e+00   5.0000000e+00
