   1.0762632e+01   1.3237325e+01   1.0000000e+00
   1.4225743e+01   9.3833465e+00   1.0000000e+00
   4.1623486e+00   1.0081280e+01   1.0000000e+00
   9.0479265e+00   1.3088498e+01   1.0000000e+00
   7.9198952e+00   1.6064136e+01   1.0000000e+00
   8.1761274e+00   1.4807371e+01   1.0000000e+00
   1.3503799e+01   1.6728937e+01   1.0000000e+00
   7.1728053e+00   1.9906739e+01   1.0000000e+00
   1.1541851e+01   1.3955695e+01   1.0000000e+00
   5.4454282e+00   1.8359459e+01   1.0000000e+00
   8.2984876e+00   1.2921598e+01   1.0000000e+00
   8.7204562e+00   1.3938930e+01   1.0000000e+00
   1.5255847e+01   1.7310788e+01   1.0000000e+00
   8.3920423e+00   1.8019910e+01   1.0000000e+00
   7.5798075e+00   1.0069423e+01   1.0000000e+00
   7.2687150e+00   1.1445344e+01   1.0000000e+00
   8.2593180e+00   1.3056798e+01   1.0000000e+00
   1.1105470e+01   1.1152210e+01   1.0000000e+00
   1.1626369e+01   1.2345353e+01   1.0000000e+00
   1.0164488e+01   1.8765908e+01   1.0000000e+00
   9.0394379e+00   1.4763594e+01   1.0000000e+00
   6.5555669e+00   1.3956809e+01   1.0000000e+00
   6.2718810e+00   1.2748628e+01   1.0000000e+00
   6.5144460e+00   1.3532980e+01   1.0000000e+00
   5.9957358e+00   1.5827893e+01   1.0000000e+00
   9.4221267e+00   9.4228274e+00   1.0000000e+00
   2.7675290e+00   8.7581223e+00   1.0000000e+00
   5.8376184e+00   1.3229103e+01   1.0000000e+00
   9.7798945e+00   9.6407149e+00   1.0000000e+00
   3.2663133e+00   1.1770881e+01   1.0000000e+00
   3.5165937e+00   1.2545009e+01   1.0000000e+00
   5.1710645e+00   1.4593453e+01   1.0000000e+00
   6.7197220e+00   1.3461146e+01   1.0000000e+00
   5.7442315e+00   1.8455462e+01   1.0000000e+00
   8.8896042e+00   1.2433563e+01   1.0000000e+00
   4.6619318e+00   1.4280540e+01   1.0000000e+00
   5.3565901e+00   9.7672176e+00   1.0000000e+00
   6.5153226e+00   1.1271207e+01   1.0000000e+00
   6.7703706e+00   1.8232879e+01   1.0000000e+00
   1.0572533e+01   1.7321885e+01   1.0000000e+00
   6.1364807e-01   1.2434433e+01   1.0000000e+00
   8.1840139e+00   1.2296020e+01   1.0000000e+00
   1.3566964e+01   1.1713741e+01   1.0000000e+00
   6.2072031e+00   1.4214151e+01   1.0000000e+00
   4.9057822e+00   1.8133091e+01   1.0000000e+00
   1.1655251e+01   2.0238562e+01   1.0000000e+00
   1.0291550e+01   1.3874707e+01   1.0000000e+00
   1.2339892e+01   1.3667247e+01   1.0000000e+00
   8.5742720e+00   1.0436945e+01   1.0000000e+00
   6.3152068e+00   1.3151511e+01   1.0000000e+00
   1.0613767e+01   1.6190962e+01   1.0000000e+00
   6.6721044e+00   1.1847776e+01   1.0000000e+00
   5.9862091e+00   9.5253477e+00   1.0000000e+00
   9.5077304e+00   1.2369056e+01   1.0000000e+00
   1.2631372e+01   1.1971752e+01   1.0000000e+00
   1.1248573e+01   1.1730862e+01   1.0000000e+00
   9.9842841e+00   1.6945364e+01   1.0000000e+00
   8.0768635e+00   1.3914057e+01   1.0000000e+00
   7.5088358e-01   1.1851316e+01   1.0000000e+00
   9.2308897e+00   1.3592615e+01   1.0000000e+00
   1.3607831e+01   1.4281800e+01   1.0000000e+00
   8.6275968e+00   1.4825127e+01   1.0000000e+00
   4.7633169e+00   1.1862033e+01   1.0000000e+00
   1.0118882e+01   1.2565181e+01   1.0000000e+00
   1.4674563e+00   1.5426710e+01   1.0000000e+00
   4.5365857e+00   9.4828529e+00   1.0000000e+00
   9.9065233e+00   1.2535106e+01   1.0000000e+00
   6.2996868e+00   8.5342505e+00   1.0000000e+00
   6.7698286e+00   6.7154798e+00   1.0000000e+00
   9.6943273e+00   1.3036919e+01   1.0000000e+00
   4.7243581e+00   1.2671550e+01   1.0000000e+00
   1.7423662e+01   1.3930569e+01   1.0000000e+00
   9.8251776e+00   1.8082017e+01   1.0000000e+00
   9.7883716e+00   1.3291444e+01   1.0000000e+00
   8.8495261e+00   1.4217795e+01   1.0000000e+00
   1.1837808e+01   1.4162834e+01   1.0000000e+00
   1.2141099e+01   1.2934888e+01   1.0000000e+00
   1.1108609e+01   1.1706445e+01   1.0000000e+00
   1.1185787e+01   9.7450322e+00   1.0000000e+00
   7.2724131e+00   1.1747509e+01   1.0000000e+00
   1.4031309e+01   1.0231042e+01   1.0000000e+00
   4.9201006e+00   1.4060266e+01   1.0000000e+00
   5.0174897e+00   1.0119323e+01   1.0000000e+00
   1.0035323e+01   1.4109160e+01   1.0000000e+00
   1.2646973e+01   1.4401586e+01   1.0000000e+00
   1.2929031e+01   1.5655703e+01   1.0000000e+00
   1.3507105e+01   1.3648828e+01   1.0000000e+00
   2.3924295e+00   1.1325452e+01   1.0000000e+00
   7.8790369e+00   1.3831740e+01   1.0000000e+00
   7.2330767e+00   1.4850990e+01   1.0000000e+00
   9.3648193e+00   1.9088412e+01   1.0000000e+00
   4.8100560e+00   1.3284709e+01   1.0000000e+00
   7.5446283e+00   1.7054264e+01   1.0000000e+00
   1.0242965e+01   1.5677364e+01   1.0000000e+00
   8.2988637e+00   1.5994844e+01   1.0000000e+00
   1.3196027e+01   1.1190009e+01   1.0000000e+00
   5.9312420e+00   1.3473089e+01   1.0000000e+00
   6.5718084e+00   1.6946706e+01   1.0000000e+00
   7.8107122e+00   9.9591073e+00   1.0000000e+00
   8.8755524e+00   1.0910491e+01   1.0000000e+00
  -5.1133072e+00   1.3886997e+01   2.0000000e+00
  -4.9337336e+00   7.4773974e+00   2.0000000e+00
  -3.5291209e+00   1.5457355e+01   2.0000000e+00
  -5.6570332e+00   1.3339540e+01   2.0000000e+00
  -3.6053317e+00   1.5186685e+01   2.0000000e+00
  -7.5299446e+00   1.4562751e+01   2.0000000e+00
  -8.2438170e+00   1.2197880e+01   2.0000000e+00
  -8.0944374e-01   8.9352931e+00   2.0000000e+00
  -9.0398563e+00   2.2460024e+01   2.0000000e+00
  -5.1011817e+00   1.5713607e+01   2.0000000e+00
  -1.3219486e+00   8.7173902e+00   2.0000000e+00
  -1.1554054e-01   1.7701103e+01   2.0000000e+00
  -8.5185527e+00   1.3713381e+01   2.0000000e+00
  -4.0776870e+00   1.1936144e+01   2.0000000e+00
  -7.3010118e+00   1.2973317e+01   2.0000000e+00
  -5.8297458e+00   1.2579447e+01   2.0000000e+00
  -3.5903761e+00   1.4809246e+01   2.0000000e+00
  -1.2510149e+00   1.2268264e+01   2.0000000e+00
  -2.4893496e+00   1.6140804e+01   2.0000000e+00
  -3.4604219e+00   1.4254667e+01   2.0000000e+00
  -5.6328158e+00   1.0531363e+01   2.0000000e+00
  -1.8734634e+00   1.3958482e+01   2.0000000e+00
  -4.2009994e+00   1.6756678e+01   2.0000000e+00
  -6.1355021e+00   1.5022619e+01   2.0000000e+00
  -6.6882396e+00   1.8032086e+01   2.0000000e+00
  -8.1066586e+00   1.8423087e+01   2.0000000e+00
  -2.2682904e+00   1.8943234e+01   2.0000000e+00
  -4.5272019e+00   1.8856261e+01   2.0000000e+00
  -5.5649114e+00   1.4053274e+01   2.0000000e+00
  -6.6569274e+00   1.5888671e+01   2.0000000e+00
  -6.6269614e+00   1.4352341e+01   2.0000000e+00
  -6.1430587e+00   1.3889467e+01   2.0000000e+00
  -1.1752108e+01   1.3822611e+01   2.0000000e+00
  -1.0498272e+01   1.5492198e+01   2.0000000e+00
  -3.1707513e+00   1.2440141e+01   2.0000000e+00
  -3.3149101e+00   1.5808375e+01   2.0000000e+00
  -5.3482249e+00   1.9783422e+01   2.0000000e+00
  -3.0755228e+00   1.4434442e+01   2.0000000e+00
  -3.2862832e+00   1.6472707e+01   2.0000000e+00
  -3.4379983e-01   1.0367657e+01   2.0000000e+00
  -3.2031653e+00   1.5137551e+01   2.0000000e+00
  -8.0915570e+00   9.5636034e+00   2.0000000e+00
  -8.0520119e+00   1.4240930e+01   2.0000000e+00
  -4.1625793e+00   1.6544590e+01   2.0000000e+00
  -6.3351837e+00   1.3835515e+01   2.0000000e+00
  -3.3643935e+00   1.7015697e+01   2.0000000e+00
  -1.7869311e+00   8.8462508e+00   2.0000000e+00
  -8.9994357e+00   1.5384053e+01   2.0000000e+00
  -2.2387161e+00   1.1846463e+01   2.0000000e+00
  -6.2535175e+00   1.3163024e+01   2.0000000e+00
  -5.5867653e+00   1.3172309e+01   2.0000000e+00
  -3.1179359e+00   9.8875452e+00   2.0000000e+00
   6.6471320e-01   1.0445756e+01   2.0000000e+00
  -2.3658578e+00   1.7992009e+01   2.0000000e+00
  -5.8838800e+00   1.5066186e+01   2.0000000e+00
  -6.7288077e+00   1.6877509e+01   2.0000000e+00
  -4.4260185e+00   1.5218909e+01   2.0000000e+00
  -2.8119103e+00   1.4273469e+01   2.0000000e+00
  -1.7890174e+00   1.4457782e+01   2.0000000e+00
  -3.3092818e+00   1.4757180e+01   2.0000000e+00
  -3.8437389e+00   1.5069800e+01   2.0000000e+00
  -3.6228717e+00   1.3271652e+01   2.0000000e+00
  -1.7985504e+00   1.3516906e+01   2.0000000e+00
  -4.2846693e+00   1.1127929e+01   2.0000000e+00
  -1.2528268e+00   1.7060172e+01   2.0000000e+00
  -6.2828557e+00   1.1874610e+01   2.0000000e+00
  -6.5159116e+00   1.5671033e+01   2.0000000e+00
  -4.1010791e+00   1.6548389e+01   2.0000000e+00
  -7.0359085e+00   1.4652234e+01   2.0000000e+00
  -5.8870684e+00   1.2684085e+01   2.0000000e+00
  -2.8807455e+00   1.5605629e+01   2.0000000e+00
  -6.4019366e+00   1.3333732e+01   2.0000000e+00
  -5.4695121e+00   1.2446678e+01   2.0000000e+00
  -8.0611651e+00   1.4317391e+01   2.0000000e+00
  -6.5654886e+00   1.3654929e+01   2.0000000e+00
  -4.0463443e+00   1.9778203e+01   2.0000000e+00
  -7.8270195e+00   2.0128844e+01   2.0000000e+00
  -4.9825468e+00   1.2502910e+01   2.0000000e+00
  -3.4413250e+00   1.5701421e+01   2.0000000e+00
  -7.0062147e+00   1.4906485e+01   2.0000000e+00
  -9.6763443e+00   6.8617268e+00   2.0000000e+00
  -4.4749310e+00   1.1285235e+01   2.0000000e+00
  -3.4852358e+00   1.6332243e+01   2.0000000e+00
  -2.3375977e+00   1.6461373e+01   2.0000000e+00
  -3.0762613e+00   1.3696005e+01   2.0000000e+00
   1.3216787e+00   1.5329164e+01   2.0000000e+00
  -4.1892746e+00   1.8477039e+01   2.0000000e+00
  -8.5083476e+00   2.3601547e+01   2.0000000e+00
  -9.0253353e+00   1.8798788e+01   2.0000000e+00
  -1.3879345e+00   1.2529240e+01   2.0000000e+00
  -1.1286429e+01   1.1792263e+01   2.0000000e+00
  -4.9062929e+00   1.5918718e+01   2.0000000e+00
  -4.4400535e+00   1.3118433e+01   2.0000000e+00
  -5.5598701e+00   1.9885204e+01   2.0000000e+00
  -4.0996797e+00   1.3896315e+01   2.0000000e+00
  -5.3290425e+00   1.7392120e+01   2.0000000e+00
  -6.3357222e+00   1.7032129e+01   2.0000000e+00
  -7.7891046e+00   1.2399665e+01   2.0000000e+00
  -7.7819305e+00   9.0911370e+00   2.0000000e+00
  -1.1079009e+00   1.8237045e+01   2.0000000e+00
  -1.0262668e+01  -6.4621561e-01   3.0000000e+00
  -9.2380568e+00   4.7288173e+00   3.0000000e+00
  -1.1515383e+01   5.5613012e-01   3.0000000e+00
  -9.4092486e+00  -8.8847414e-01   3.0000000e+00
  -5.7165435e+00  -7.7056293e-01   3.0000000e+00
  -1.0853453e+01  -7.5806037e-01   3.0000000e+00
  -1.2264744e+01   1.1200211e+00   3.0000000e+00
  -7.8603489e+00   3.5929678e-01   3.0000000e+00
  -1.1016581e+01   1.1050822e+00   3.0000000e+00
  -7.3284685e+00  -4.4311604e+00   3.0000000e+00
  -9.2298843e+00   1.8196876e+00   3.0000000e+00
  -1.5284166e+01   1.6732982e+00   3.0000000e+00
  -1.1139912e+01   1.5053517e+00   3.0000000e+00
  -9.0749391e+00   1.6316597e+00   3.0000000e+00
  -8.8530528e+00   6.7322932e+00   3.0000000e+00
  -8.8386538e+00   1.2250559e+00   3.0000000e+00
  -1.3038847e+01   7.0997359e+00   3.0000000e+00
  -1.2063002e+01   4.7267008e+00   3.0000000e+00
  -8.3601368e+00   3.6101526e+00   3.0000000e+00
  -9.7533203e+00  -1.1527260e-01   3.0000000e+00
  -8.6175595e+00   1.2427771e+00   3.0000000e+00
  -1.0861360e+01   1.4897983e+00   3.0000000e+00
  -1.2275211e+01  -1.9782248e+00   3.0000000e+00
  -1.2173071e+01   5.2915265e+00   3.0000000e+00
  -4.9212560e+00   1.4671707e+00   3.0000000e+00
  -9.0252407e+00   2.8836784e+00   3.0000000e+00
  -1.5871841e+01   2.1501025e+00   3.0000000e+00
  -1.3649685e+01  -3.1771605e+00   3.0000000e+00
  -1.3019128e+01   6.6193171e+00   3.0000000e+00
  -1.0647317e+01  -1.6289995e+00   3.0000000e+00
  -8.7767233e+00   3.0585676e+00   3.0000000e+00
  -1.1846642e+01   3.2610349e+00   3.0000000e+00
  -1.1771429e+01  -2.2282296e+00   3.0000000e+00
  -1.4685439e+01   1.1779624e+00   3.0000000e+00
  -1.3788898e+01   1.7879985e-02   3.0000000e+00
  -1.0761645e+01   2.0202528e+00   3.0000000e+00
  -1.5606215e+01   2.5243002e+00   3.0000000e+00
  -1.1198998e+01   3.5150802e+00   3.0000000e+00
  -8.3601698e+00  -2.3545265e+00   3.0000000e+00
  -9.0202124e+00   2.0585341e+00   3.0000000e+00
  -7.0259778e+00   2.1507498e+00   3.0000000e+00
  -1.3131622e+01  -4.5382767e+00   3.0000000e+00
  -1.3970324e+01  -2.0287411e+00   3.0000000e+00
  -1.0457349e+01  -2.4441349e+00   3.0000000e+00
  -1.5107616e+01   2.0114996e+00   3.0000000e+00
  -5.2152397e+00  -1.0102362e+00   3.0000000e+00
  -1.5698507e+01  -5.3579234e+00   3.0000000e+00
  -1.3571340e+01   3.2066024e+00   3.0000000e+00
  -1.1438480e+01   1.6518652e+00   3.0000000e+00
  -8.8907112e+00   5.9695320e+00   3.0000000e+00
  -1.6690146e+01   2.9709126e-01   3.0000000e+00
  -1.3106874e+01  -4.4810277e-01   3.0000000e+00
  -1.8623977e+01  -2.3221656e+00   3.0000000e+00
  -7.3250666e+00   3.6432217e+00   3.0000000e+00
  -1.0647601e+01   3.7222196e+00   3.0000000e+00
  -1.5028599e+01   1.1200422e+00   3.0000000e+00
  -1.2035596e+01   3.8298047e+00   3.0000000e+00
  -6.4862014e+00  -1.0290527e+00   3.0000000e+00
  -7.6714610e+00   1.7556079e+00   3.0000000e+00
  -7.0916021e+00   4.5362452e+00   3.0000000e+00
  -1.3712162e+01   7.3189667e+00   3.0000000e+00
  -1.5228037e+01   2.2299935e+00   3.0000000e+00
  -6.1854612e+00  -2.9177902e+00   3.0000000e+00
  -1.1920710e+01   4.2797990e-01   3.0000000e+00
  -1.0441653e+01   3.3326093e+00   3.0000000e+00
  -1.1772321e+01   2.8995109e+00   3.0000000e+00
  -4.4100293e+00   6.2396780e+00   3.0000000e+00
  -5.7404253e+00   3.2244611e+00   3.0000000e+00
  -1.2985447e+01   2.6975056e+00   3.0000000e+00
  -8.8877282e+00   4.6813355e+00   3.0000000e+00
  -8.6518789e+00  -2.1275938e-01   3.0000000e+00
  -1.4785866e+01  -2.4868065e+00   3.0000000e+00
  -1.2559998e+01   3.1035272e+00   3.0000000e+00
  -6.2880183e+00   1.3036595e+00   3.0000000e+00
  -8.1564698e+00  -2.0801087e+00   3.0000000e+00
  -6.9136536e+00   1.8171957e+00   3.0000000e+00
  -7.1999057e+00   3.4937484e+00   3.0000000e+00
  -1.2853662e+01  -1.3275150e+00   3.0000000e+00
  -1.7828657e+01   1.2431960e+00   3.0000000e+00
  -1.1366916e+01   4.0398431e-01   3.0000000e+00
  -8.1827482e+00   1.5503888e+00   3.0000000e+00
  -8.8580682e+00   3.8644545e+00   3.0000000e+00
  -1.0109223e+01  -1.0643269e+00   3.0000000e+00
  -9.2022773e+00   3.1219264e-01   3.0000000e+00
  -1.5260426e+01   4.5021374e+00   3.0000000e+00
  -3.5986714e+00  -8.0433097e-01   3.0000000e+00
  -1.0872058e+01   5.2754841e+00   3.0000000e+00
  -1.7300533e+01  -4.1720446e+00   3.0000000e+00
  -1.1658502e+01   4.7227202e+00   3.0000000e+00
  -7.8047442e-01   1.1202122e+01   3.0000000e+00
  -7.8775633e+00   3.5057001e+00   3.0000000e+00
  -1.2633234e+01  -3.7482632e+00   3.0000000e+00
  -1.1212763e+01   2.1204308e+00   3.0000000e+00
  -1.0627486e+01   6.5467866e+00   3.0000000e+00
  -1.0586976e+01   6.3812464e+00   3.0000000e+00
  -8.6153401e+00   4.0042576e+00   3.0000000e+00
  -1.5126168e+01   3.9638081e+00   3.0000000e+00
  -8.9539422e+00  -5.0529529e-01   3.0000000e+00
  -9.7748072e+00   2.9454384e+00   3.0000000e+00
  -9.2697866e+00   3.7502021e+00   3.0000000e+00
   5.3563079e+00  -1.1205042e+01   4.0000000e+00
  -3.6996400e+00  -3.9370031e+00   4.0000000e+00
  -7.7699054e-01  -6.2479580e+00   4.0000000e+00
   4.3609458e+00  -9.5877939e+00   4.0000000e+00
  -3.2346726e+00  -7.4055024e+00   4.0000000e+00
   2.4059369e-01  -6.1112179e+00   4.0000000e+00
   1.1872479e+00  -1.1942776e+01   4.0000000e+00
  -9.3219961e-01  -8.3965337e+00   4.0000000e+00
  -7.3360959e+00  -1.1612495e+01   4.0000000e+00
   1.9872620e+00  -1.0970583e+01   4.0000000e+00
   4.0319149e-01  -1.2941322e+01   4.0000000e+00
   5.5868734e-01  -5.0376307e+00   4.0000000e+00
   3.0943292e+00  -8.9790881e+00   4.0000000e+00
  -3.2572751e+00  -5.3288061e+00   4.0000000e+00
  -4.5746807e-01  -7.5041281e+00   4.0000000e+00
   3.3550116e+00  -2.2098286e+00   4.0000000e+00
  -2.9427988e+00  -9.1408870e+00   4.0000000e+00
  -6.9277826e-02  -5.6671611e+00   4.0000000e+00
   3.6940774e+00  -5.9769823e+00   4.0000000e+00
  -1.6060951e+00  -4.6759355e+00   4.0000000e+00
   1.4172059e+00  -8.1612049e+00   4.0000000e+00
   1.4538075e+00  -7.0724407e+00   4.0000000e+00
   5.1347556e+00  -8.4269919e+00   4.0000000e+00
   3.4689723e+00  -4.1252921e+00   4.0000000e+00
  -1.9189272e+00  -5.6399562e+00   4.0000000e+00
   2.3658525e+00  -2.7755038e+00   4.0000000e+00
  -4.2043276e+00  -1.0089317e+01   4.0000000e+00
   1.5819135e-01  -1.4758766e+01   4.0000000e+00
  -4.8924788e+00  -1.3088872e+01   4.0000000e+00
   1.7712344e+00  -9.5626947e+00   4.0000000e+00
   8.6623309e+00  -5.2471815e+00   4.0000000e+00
   2.1152809e+00  -8.1548251e+00   4.0000000e+00
  -1.2593503e+00  -5.2374292e+00   4.0000000e+00
   3.2084981e+00  -3.3083198e+00   4.0000000e+00
   3.7930423e+00  -4.4058919e+00   4.0000000e+00
  -3.9755097e-01  -7.7544409e+00   4.0000000e+00
  -2.9548246e+00  -8.0786258e+00   4.0000000e+00
   8.5164400e-01  -1.1840492e+01   4.0000000e+00
  -1.5457496e+00  -8.8962447e+00   4.0000000e+00
  -4.2757114e-02  -8.6547900e+00   4.0000000e+00
  -1.2904665e+00  -1.1593742e+01   4.0000000e+00
  -3.7917426e+00  -1.1550899e+01   4.0000000e+00
   5.9963640e-01  -6.3820434e+00   4.0000000e+00
  -5.9296815e+00  -1.1039075e+01   4.0000000e+00
  -1.4287302e+00  -6.0503022e+00   4.0000000e+00
   3.0252208e-01  -5.1004767e+00   4.0000000e+00
  -4.3722377e+00  -9.6400077e+00   4.0000000e+00
  -4.3673035e+00  -7.4080246e+00   4.0000000e+00
  -2.7619502e+00  -5.3946099e+00   4.0000000e+00
  -5.3800644e+00  -7.4347262e+00   4.0000000e+00
  -6.7955671e+00  -1.0397494e+01   4.0000000e+00
  -5.5886691e-01  -6.4844980e+00   4.0000000e+00
   6.7077135e-01  -1.2937861e+01   4.0000000e+00
   1.0910875e+00  -5.2832178e+00   4.0000000e+00
  -2.7131019e+00  -4.6349610e+00   4.0000000e+00
  -2.0065782e+00  -1.0213837e+01   4.0000000e+00
   2.3634463e-01  -5.7102370e+00   4.0000000e+00
   1.0605436e+00  -6.7849749e+00   4.0000000e+00
   1.4472809e+00  -8.6056001e+00   4.0000000e+00
   1.7309297e+00  -5.8136904e+00   4.0000000e+00
  -4.9931893e+00  -9.4095054e+00   4.0000000e+00
   2.5024215e+00  -8.7584801e+00   4.0000000e+00
  -2.1670757e+00  -8.4452146e+00   4.0000000e+00
   2.4552043e+00  -1.1436971e+01   4.0000000e+00
   2.0138677e+00  -5.2817623e+00   4.0000000e+00
   1.2028708e+00  -9.6251293e+00   4.0000000e+00
  -3.7028093e+00  -4.9510196e+00   4.0000000e+00
   9.0441342e-01  -7.3105685e+00   4.0000000e+00
   2.1813627e-01  -6.4554035e+00   4.0000000e+00
   7.7157682e-01  -4.0931017e+00   4.0000000e+00
   1.6601751e+00  -7.4144018e+00   4.0000000e+00
   2.6073531e+00  -1.9991667e+00   4.0000000e+00
   4.3145692e-01  -4.7170904e+00   4.0000000e+00
  -3.5892166e+00  -4.2366257e+00   4.0000000e+00
  -2.0222028e+00  -8.6847697e+00   4.0000000e+00
   1.7243547e+00  -8.8949670e+00   4.0000000e+00
  -6.8473266e+00  -1.3618316e+01   4.0000000e+00
  -4.4694385e+00  -6.0413049e+00   4.0000000e+00
  -1.8142726e+00  -8.6706995e+00   4.0000000e+00
  -3.5424274e+00  -2.0543000e+00   4.0000000e+00
  -1.0471469e+00  -1.0090454e+01   4.0000000e+00
   4.5029519e-01  -1.2380894e+01   4.0000000e+00
  -1.8864135e+00  -7.3799518e+00   4.0000000e+00
   5.9315319e+00  -6.7820759e+00   4.0000000e+00
   6.1478870e-01  -5.3457742e+00   4.0000000e+00
   2.7884373e+00  -9.2788788e+00   4.0000000e+00
   7.4493078e-01  -1.2749041e+01   4.0000000e+00
   1.0971872e+00  -1.1065130e+01   4.0000000e+00
  -8.0835742e-01  -7.0592869e+00   4.0000000e+00
  -2.8543568e+00  -3.8550097e+00   4.0000000e+00
  -1.8663948e+00  -9.5677067e+00   4.0000000e+00
   1.7065497e+00  -3.7293721e+00   4.0000000e+00
   2.0776606e-01  -1.0826938e+01   4.0000000e+00
   2.7950753e+00  -9.9338504e+00   4.0000000e+00
  -6.3856435e+00  -1.0650894e+01   4.0000000e+00
   4.2913517e+00  -1.5113565e+00   4.0000000e+00
   3.2194732e-01  -7.3994964e+00   4.0000000e+00
  -5.6516876e+00  -1.3053657e+01   4.0000000e+00
   1.9214582e+00  -8.4236449e+00   4.0000000e+00
  -2.6595099e+00  -9.2393636e+00   4.0000000e+00
   1.1189867e+01  -1.7550768e+00   5.0000000e+00
   6.1329559e+00  -1.2726175e+00   5.0000000e+00
   1.2633134e+01  -2.7134777e+00   5.0000000e+00
   9.8332890e+00  -2.2767200e+00   5.0000000e+00
   1.1641419e+01  -2.9100739e+00   5.0000000e+00
   8.0347709e+00   4.1588413e+00   5.0000000e+00
   1.0092571e+01   1.1608787e+00   5.0000000e+00
   8.2532098e+00   5.4553381e+00   5.0000000e+00
   1.1788690e+01   3.0264809e+00   5.0000000e+00
   1.4069523e+01  -4.8523285e-01   5.0000000e+00
   1.2703156e+01  -2.3222940e+00   5.0000000e+00
   1.2099285e+01   2.1013202e+00   5.0000000e+00
   1.0158078e+01  -2.1659965e+00   5.0000000e+00
   1.1147838e+01   1.8157958e+00   5.0000000e+00
   8.8123647e+00  -3.6063148e+00   5.0000000e+00
   1.0890296e+01  -1.2530535e+00   5.0000000e+00
   1.3826660e+01   2.7645007e+00   5.0000000e+00
   8.5686531e+00  -6.1611792e+00   5.0000000e+00
   7.0593031e+00  -4.0470280e+00   5.0000000e+00
   7.9015780e+00  -7.2231046e-01   5.0000000e+00
   1.0525969e+01   4.3439120e+00   5.0000000e+00
   1.3970253e+01  -5.3832376e-01   5.0000000e+00
   8.0531434e+00   9.5951191e-03   5.0000000e+00
   1.2797600e+01   8.7039921e-01   5.0000000e+00
   1.0660623e+01  -3.4584613e+00   5.0000000e+00
   1.6454199e+01  -2.1053241e+00   5.0000000e+00
   1.1890985e+01   1.6155088e+00   5.0000000e+00
   1.1839874e+01  -2.7577347e+00   5.0000000e+00
   1.6656765e+01  -8.8009932e+00   5.0000000e+00
   1.3168983e+01   4.0469529e+00   5.0000000e+00
   1.1360173e+01  -7.9889948e-01   5.0000000e+00
   9.9126927e+00   6.8188561e+00   5.0000000e+00
   1.6616739e+01  -5.6025918e-01   5.0000000e+00
   1.1000183e+01  -2.9106308e+00   5.0000000e+00
   1.6362894e+01  -5.2688489e+00   5.0000000e+00
   9.1682210e+00  -1.7724437e+00   5.0000000e+00
   8.4996356e+00  -4.1143426e+00   5.0000000e+00
   1.3878455e+01  -6.6945087e-01   5.0000000e+00
   1.0305348e+01  -1.2284544e+00   5.0000000e+00
   1.1440749e+01  -3.3004791e+00   5.0000000e+00
   1.1128564e+01  -3.0354096e+00   5.0000000e+00
   1.4181657e+01   1.0040695e+00   5.0000000e+00
   1.0721769e+01   5.3089642e-01   5.0000000e+00
   9.2116152e+00  -2.2881211e+00   5.0000000e+00
   9.9016724e+00   1.5939847e-01   5.0000000e+00
   1.1920910e+01  -6.5304549e+00   5.0000000e+00
   8.8267903e+00  -1.9209876e+00   5.0000000e+00
   1.1116667e+01  -1.9971750e+00   5.0000000e+00
   1.3719695e+01   3.4184419e+00   5.0000000e+00
   1.4775535e+01   6.9786829e-01   5.0000000e+00
   1.5001195e+01   3.0794635e+00   5.0000000e+00
   1.3421675e+01   5.5128077e+00   5.0000000e+00
   1.1004100e+01   5.8135583e-01   5.0000000e+00
   1.0398732e+01  -2.3631262e+00   5.0000000e+00
   8.8280774e+00  -2.7396231e+00   5.0000000e+00
   7.9190755e+00  -1.3620333e+00   5.0000000e+00
   9.6440945e+00   4.2001363e+00   5.0000000e+00
   1.3341175e+01  -6.2499438e+00   5.0000000e+00
   1.5259084e+01  -2.0592411e+00   5.0000000e+00
   7.0379412e+00   1.1295615e+00   5.0000000e+00
   1.5427971e+01   4.1273543e-01   5.0000000e+00
   1.2969996e+01  -2.8498341e+00   5.0000000e+00
   1.1313515e+01  -7.5459769e-01   5.0000000e+00
   1.1069425e+01   1.7342427e+00   5.0000000e+00
   9.4472922e+00  -1.4250548e+00   5.0000000e+00
   1.0421463e+01   7.8185669e-01   5.0000000e+00
   1.5529655e+01   4.8567878e+00   5.0000000e+00
   1.8021545e+01  -3.4671905e+00   5.0000000e+00
   9.5725746e+00   5.3527369e+00   5.0000000e+00
   1.2884494e+01  -2.1149327e+00   5.0000000e+00
   1.5954952e+01  -5.1109120e+00   5.0000000e+00
   1.0372201e+01  -3.2671156e+00   5.0000000e+00
   1.5110160e+01   5.3967545e+00   5.0000000e+00
   1.3981571e+01   4.0207611e+00   5.0000000e+00
   1.6440821e+01   1.6247331e+00   5.0000000e+00
   1.0238922e+01   2.2571916e+00   5.0000000e+00
   1.2748903e+01  -3.8126316e+00   5.0000000e+00
   1.0089228e+01   4.0170203e+00   5.0000000e+00
   8.3112491e+00   5.0885540e-01   5.0000000e+00
   9.4821060e+00   1.2158428e+00   5.0000000e+00
   8.8149512e+00  -4.2216783e+00   5.0000000e+00
   1.2424662e+01  -3.1126149e+00   5.0000000e+00
   1.5679756e+01   1.0995346e+00   5.0000000e+00
   1.0739630e+01  -1.4976561e+00   5.0000000e+00
   5.7798727e+00  -4.9179990e-01   5.0000000e+00
   1.8297559e+01   4.6082028e-01   5.0000000e+00
   8.6948725e+00   5.4155850e-01   5.0000000e+00
   1.3942271e+01  -4.4198542e+00   5.0000000e+00
   1.3337739e+01   3.8144174e+00   5.0000000e+00
   1.2443870e+01  -1.3598707e+00   5.0000000e+00
   8.7249583e+00  -2.5042962e-01   5.0000000e+00
   8.7351252e+00  -1.4542516e+00   5.0000000e+00
   1.0514307e+01  -6.0192837e-01   5.0000000e+00
   1.3154333e+01  -1.7213437e+00   5.0000000e+00
   1.1969389e+01  -5.5900188e+00   5.0000000e+00
   1.4761152e+01  -3.4277349e+00   5.0000000e+00
   1.0920736e+01   4.8112431e-02   5.0000000e+00
   1.4439568e+01  -2.8579444e+00   5.0000000e+00
   1.1841256e+01  -2.2196134e+00   5.0000000e+00
   8.5072531e+00  -5.6909180e-01   5.0000000e+00
